real[ 0.00439896  0.00242451 -0.00439873 -0.0024258  -0.00439849 -0.00242649
  0.00439872  0.0024252 ]
real[ 0.0312259   0.01717968 -0.03121403 -0.01723298 -0.03121283 -0.01723679
  0.03122468  0.01718352]
real[ 0.08310441  0.04555868 -0.08300367 -0.04596316 -0.08300155 -0.04597093
  0.08310215  0.04556666]
real[ 0.15826884  0.08627641 -0.15784793 -0.08785999 -0.15784537 -0.08787147
  0.15826582  0.08628851]
real[ 0.25511149  0.13798991 -0.25390102 -0.14236822 -0.25389859 -0.14238278
  0.25510798  0.13800585]
real[ 0.37214726  0.19932229 -0.36937782 -0.20910037 -0.36937599 -0.20911724
  0.37214338  0.19934179]
real[ 0.50797442  0.26889777 -0.50131805 -0.2872765  -0.50131679 -0.28729506
  0.50664479  0.26847671]
real[ 0.66123752  0.34538269 -0.62517557 -0.36516534 -0.62781366 -0.36791181
  0.63517976  0.33684537]
real[ 0.83059619  0.42753205 -0.71530205 -0.4249237  -0.73405332 -0.44450624
  0.74125985  0.39900048]
real[ 1.01084179  0.51282708 -0.77167085 -0.46458107 -0.82019538 -0.51591387
  0.82583108  0.45577503]
real[ 1.1679563   0.58612566 -0.79635954 -0.48330404 -0.87747522 -0.57093529
  0.89022675  0.50806253]
real[ 1.2875941   0.64048773 -0.79617621 -0.47273738 -0.90338834 -0.59775259
  0.93384691  0.55434212]
real[ 1.37245326  0.67765247 -0.79164073 -0.45708946 -0.90209679 -0.59646631
  0.9496157   0.58612295]
real[ 1.42502076  0.6997757  -0.77653343 -0.43929593 -0.87854973 -0.57776924
  0.93755806  0.60255742]
real[ 1.44772578  0.70826942 -0.74364417 -0.41081971 -0.833824   -0.54349326
  0.89971659  0.60460328]
real[ 1.44281685  0.70422141 -0.70106041 -0.38025577 -0.76986572 -0.4955286
  0.83798242  0.59308967]
real[ 1.41233798  0.68851503 -0.65070826 -0.34992038 -0.69677355 -0.44484837
  0.75408263  0.56876871]
real[ 1.35813789  0.66190645 -0.59214752 -0.31957422 -0.62185442 -0.39879213
  0.64960017  0.53232664]
real[ 1.28187896  0.62504742 -0.52711147 -0.28963522 -0.54467049 -0.35692343
  0.52599201  0.48435615]
real[ 1.18507578  0.57852061 -0.45580751 -0.26005788 -0.46506239 -0.31874459
  0.38464661  0.4253879 ]
real[ 1.06912577  0.52278699 -0.37743102 -0.23052452 -0.38377849 -0.28369741
  0.22689868  0.35585863]
real[ 0.93532961  0.45815451 -0.29280632 -0.20128081 -0.30007577 -0.25147865
  0.05403923  0.27610548]
real[ 0.78493169  0.3847691  -0.20186444 -0.17246527 -0.21339997 -0.22158278
 -0.13265681  0.18642633]
real[ 0.6191442   0.30259544 -0.10541126 -0.14444285 -0.1233685  -0.19371995
 -0.33194657  0.08705357]
real[ 0.43917204  0.2114737  -0.00274232 -0.11724732 -0.02996871 -0.16789268
 -0.54091387 -0.0209799 ]
real[ 0.24624124  0.11111738  0.10600586 -0.09123608  0.06768948 -0.14375408
 -0.73704927 -0.12810156]
real[ 0.04201718  0.00140788  0.22075082 -0.06683229  0.17044273 -0.12124699
 -0.90716503 -0.22831868]
real[-0.15966498 -0.10929583  0.3346562  -0.04735033  0.28107275 -0.09882921
 -1.05324188 -0.32200477]
real[-0.35660332 -0.21769861  0.42912363 -0.03841237  0.40894364 -0.06809022
 -1.1772548  -0.40983455]
real[-0.55320542 -0.33078993  0.53234568 -0.0239997   0.54835047 -0.0307039
 -1.28082644 -0.49253996]
real[-0.71741922 -0.4313444   0.62525811 -0.00829864  0.67001046  0.00384445
 -1.35893742 -0.56361045]
real[-0.84253828 -0.5124354   0.6965589   0.00562554  0.76786421  0.03434118
 -1.40506223 -0.61460739]
real[-0.92989941 -0.57124583  0.74718357  0.01873843  0.84281492  0.062219
 -1.4214134  -0.6457897 ]
real[-0.98272405 -0.60634689  0.77765871  0.03286993  0.89588976  0.08886474
 -1.4105561  -0.65790276]
real[-1.00570708 -0.62139687  0.78977402  0.05103099  0.9282708   0.11530451
 -1.37479238 -0.65185661]
real[-1.00178096 -0.61772288  0.78715134  0.07227085  0.94134609  0.14208002
 -1.31603862 -0.62870224]
real[-0.97432232 -0.59675655  0.77222303  0.09588534  0.93662213  0.16925201
 -1.23591584 -0.58965496]
real[-0.92520372 -0.55986379  0.74662356  0.12130889  0.91569807  0.19648387
 -1.13579413 -0.53609316]
real[-0.85567039 -0.50861742  0.7116804   0.14776731  0.88022359  0.22319614
 -1.0194929  -0.47234778]
real[-0.77374257 -0.45194537  0.66862473  0.17469204  0.83184628  0.24869016
 -0.89902795 -0.41142217]
real[-0.68985938 -0.39997326  0.61837296  0.20128478  0.77025369  0.2700425
 -0.77719513 -0.35578792]
real[-0.604215   -0.35250156  0.55948366  0.22581345  0.68889842  0.27760851
 -0.65802058 -0.30455986]
real[-0.51746425 -0.30889585  0.4919203   0.24739422  0.58740515  0.26973424
 -0.53993586 -0.25725556]
real[-0.42811899 -0.26811702  0.41439638  0.26347729  0.46720654  0.24713102
 -0.42165058 -0.21338597]
real[-0.33430211 -0.22887668  0.31847241  0.2648372   0.32963381  0.21049492
 -0.30322758 -0.17276696]
real[-0.23467404 -0.19072088  0.20331609  0.2501907   0.17595098  0.16049424
 -0.18430049 -0.13527854]
real[-0.12954625 -0.15395106  0.07029542  0.22054938  0.00737456  0.09773751
 -0.06433027 -0.10067818]
real[-0.01785681 -0.11851625 -0.07930756  0.17688889 -0.17488975  0.0227954
  0.0567232  -0.06876904]
real[ 0.10057593 -0.08462488 -0.2442756   0.12014933 -0.36966184 -0.06382098
  0.17932389 -0.03957951]
real[ 0.22562628 -0.05270183 -0.42343704  0.05123958 -0.57271044 -0.160296
  0.3066231  -0.01106377]
real[ 0.3579688  -0.0210947  -0.60951674 -0.0262869  -0.75919135 -0.25580233
  0.44921863  0.02523892]
real[ 0.49957506  0.01665494 -0.77643048 -0.10055166 -0.9202468  -0.34585451
  0.59738878  0.06586028]
real[ 0.627055    0.05389119 -0.91995196 -0.16890175 -1.05814314 -0.43072387
  0.72396948  0.10218027]
real[ 0.73571814  0.0892846  -1.04206681 -0.2315724  -1.17439129 -0.5103058
  0.82631862  0.13500525]
real[ 0.82496379  0.12369752 -1.14451748 -0.28893786 -1.26199166 -0.57558544
  0.90680121  0.16609369]
real[ 0.8942847   0.15789036 -1.22782208 -0.33927717 -1.31673561 -0.62005348
  0.96674699  0.1965224 ]
real[ 0.94265348  0.19143244 -1.29165744 -0.37930526 -1.34127234 -0.64440964
  1.00604889  0.22657965]
real[ 0.97100588  0.22442901 -1.3393285  -0.41381713 -1.338094   -0.64977329
  1.02573528  0.25659634]
real[ 0.98196017  0.25821857 -1.37319846 -0.44340488 -1.30946208 -0.63737989
  1.02732823  0.28658365]
real[ 0.97866458  0.29314325 -1.39501195 -0.46913788 -1.25726244 -0.60836656
  1.012425    0.31635331]
real[ 0.9619675   0.32794597 -1.40555243 -0.49208476 -1.18306133 -0.56403767
  0.98267089  0.34537948]
real[ 0.93463773  0.36230588 -1.40210982 -0.50866182 -1.08839406 -0.50600675
  0.93971825  0.37297701]
real[ 0.89790998  0.39551188 -1.37600981 -0.50915084 -0.98208474 -0.44306886
  0.88324974  0.39626014]
real[ 0.85054166  0.42611202 -1.32852174 -0.49398937 -0.87721214 -0.3850291
  0.8066892   0.4056846 ]
real[ 0.79297215  0.45333846 -1.27067822 -0.47399552 -0.7733159  -0.33175344
  0.70967227  0.39968447]
real[ 0.72657496  0.47679802 -1.20744016 -0.45334824 -0.66944305 -0.28263747
  0.5936217   0.37903509]
real[ 0.65254418  0.49613278 -1.13887199 -0.4319252  -0.56535768 -0.23710449
  0.45985004  0.34452355]
real[ 0.56709213  0.50676627 -1.06542632 -0.40981215 -0.46094314 -0.19472144
  0.30958777  0.29689589]
real[ 0.46369624  0.49986225 -0.98738799 -0.38708236 -0.35591327 -0.15516338
  0.14402206  0.23683366]
real[ 0.35071468  0.4674824  -0.90525637 -0.36397464 -0.24962539 -0.11827257
 -0.03568389  0.16494181]
real[ 0.23131887  0.41789309 -0.81890953 -0.34046044 -0.14194643 -0.08381907
 -0.22837456  0.08177553]
real[ 0.10446505  0.35978155 -0.72842587 -0.31663156 -0.03252525 -0.05168677
 -0.43291389 -0.01215009]
real[-0.03012981  0.29634506 -0.63476459 -0.29291645  0.07959458 -0.02210256
 -0.63750631 -0.11172043]
real[-0.17245795  0.22880073 -0.53657659 -0.26892989  0.19400452  0.00524706
 -0.81814479 -0.20621017]
real[-0.32254086  0.15750845 -0.43528604 -0.24530934  0.31211254  0.02971654
 -0.97397455 -0.29458758]
real[-0.48039009  0.08247359 -0.32994109 -0.22188346  0.43399969  0.05127318
 -1.10713372 -0.37721223]
real[-0.63105706  0.00986074 -0.21749256 -0.19634783  0.55994437  0.06968864
 -1.21952226 -0.4546345 ]
real[-0.75701027 -0.05325097 -0.09008714 -0.15974753  0.68522163  0.08220791
 -1.31125003 -0.52589678]
real[-0.86165341 -0.10950068  0.05376645 -0.11141348  0.78651113  0.08398734
 -1.37359574 -0.58056451]
real[-0.94788003 -0.16064713  0.21351155 -0.05333476  0.87033197  0.0844128
 -1.40496105 -0.61519021]
real[-1.01717394 -0.20715023  0.3884536   0.01244973  0.94845013  0.08862404
 -1.40793219 -0.6306954 ]
real[-1.0708401  -0.24951318  0.57733217  0.0840078   1.03511637  0.10004503
 -1.38483779 -0.62804087]
real[-1.10973019 -0.28761985  0.76148361  0.15508788  1.10411194  0.11537167
 -1.33772482 -0.60830885]
real[-1.13168194 -0.31559221  0.91867831  0.21868276  1.14665956  0.13344841
 -1.26828159 -0.57261939]
real[-1.13710181 -0.33518003  1.04724887  0.27363876  1.16533513  0.15419322
 -1.17799026 -0.52231303]
real[-1.1200091  -0.34066668  1.14372144  0.31533142  1.16359753  0.17742299
 -1.07244566 -0.46342257]
real[-1.09291328 -0.34128711  1.21489439  0.35360632  1.14364952  0.20259534
 -0.96310442 -0.40804649]
real[-1.05984841 -0.34006851  1.26568693  0.39401065  1.10728757  0.22893158
 -0.85276536 -0.35722504]
real[-1.01887981 -0.33638035  1.29628165  0.43508705  1.05635704  0.25536487
 -0.74609773 -0.30972123]
real[-0.970144   -0.33058834  1.30731768  0.47629562  0.99271892  0.28077403
 -0.63928327 -0.26553116]
real[-0.91382654 -0.32256864  1.29928299  0.51511415  0.91816895  0.30414177
 -0.53284404 -0.22412776]
real[-0.85046116 -0.31264858  1.26777096  0.54156638  0.83249451  0.322458
 -0.42619252 -0.18530562]
real[-0.78036858 -0.30101843  1.21285638  0.55334344  0.7291924   0.32616614
 -0.31917874 -0.14881603]
real[-0.70399416 -0.2879452   1.13618311  0.55093927  0.60770299  0.31382389
 -0.21128892 -0.11455723]
real[-0.62314182 -0.2740628   1.03923381  0.53493042  0.46922098  0.28632936
 -0.10151294 -0.08273273]
real[-0.53793821 -0.25953207  0.9233656   0.50594689  0.3148961   0.24458879
  0.01038726 -0.05334589]
real[-0.44752324 -0.24426071  0.78983702  0.46462358  0.14583815  0.18944907
  0.12452603 -0.02631448]
real[-0.35247402 -0.22857658  0.63983308  0.41153134 -0.03687596  0.12164056
  0.24159261 -0.00182942]
real[-0.25307995 -0.21281574  0.47449676  0.34714558 -0.23216135  0.04184059
  0.36220219  0.01981307]
real[-0.14798856 -0.19690114  0.29495898  0.27184397 -0.43893742 -0.04929379
  0.48613825  0.03846278]
real[-0.03839175 -0.18150361  0.1023616   0.18589075 -0.64547568 -0.14656308
  0.59845681  0.04892263]
real[ 0.07338566 -0.16759544 -0.10212989  0.08947907 -0.82787908 -0.23921246
  0.68339265  0.04790935]
real[ 0.19061954 -0.15322978 -0.31734761 -0.01720155 -0.98534781 -0.32604197
  0.74833811  0.04541242]
real[ 0.32323094 -0.12926137 -0.54089492 -0.13344397 -1.1200633  -0.40737107
  0.79555462  0.04442812]
real[ 0.46627937 -0.09755542 -0.7459041  -0.24502682 -1.23395475 -0.48369299
  0.82550978  0.04559821]
real[ 0.59085311 -0.06791021 -0.90575885 -0.33242238 -1.32414596 -0.55054209
  0.83884888  0.04936864]
real[ 0.69178076 -0.04239101 -1.03847036 -0.4111354  -1.38237898 -0.59780209
  0.83469898  0.05498414]
real[ 0.76986595 -0.01955627 -1.14894887 -0.48312885 -1.41006745 -0.62520285
  0.81271601  0.06005988]
real[ 0.82601965  0.00201438 -1.23259091 -0.54079333 -1.40976958 -0.63385459
  0.76933899  0.0571961 ]
real[ 0.86132036  0.02347621 -1.28308061 -0.57546338 -1.38371356 -0.62481495
  0.71165858  0.05378217]
real[ 0.87799482  0.04730941 -1.30428578 -0.58993843 -1.33383844 -0.59913622
  0.64281323  0.05141697]
real[ 0.87956208  0.07534655 -1.29905944 -0.58618387 -1.26186425 -0.55813346
  0.56423261  0.04932459]
real[ 0.86794497  0.10579316 -1.26993971 -0.565415   -1.16931489 -0.50327281
  0.47729694  0.04686704]
real[ 0.84477423  0.13785139 -1.21877076 -0.5289612  -1.06428288 -0.44318889
  0.38327192  0.04354946]
real[ 0.81152698  0.17074747 -1.1486911  -0.48001891 -0.95630194 -0.38766775
  0.28329461  0.03903404]
real[ 0.76960357  0.20358925 -1.07178882 -0.43092326 -0.84598795 -0.33672084
  0.17836483  0.03312994]
real[ 0.71998512  0.23550564 -0.99274069 -0.3856349  -0.73339953 -0.28986675
  0.06693912  0.02339562]
real[ 6.63421069e-01  2.65776681e-01 -9.11750041e-01 -3.43609228e-01
 -6.18549783e-01 -2.46744013e-01 -6.02203530e-02  1.38004942e-04]
real[ 0.60120534  0.29398318 -0.82905066 -0.30434398 -0.50139822 -0.20710475
 -0.20421245 -0.03810692]
real[ 0.53270452  0.31915506 -0.74518875 -0.26735256 -0.38225174 -0.17066418
 -0.36373784 -0.09044848]
real[ 0.45689122  0.34029666 -0.65936856 -0.2316645  -0.26516331 -0.13613844
 -0.53470425 -0.15480036]
real[ 0.37238612  0.35512536 -0.56893119 -0.19630567 -0.14866112 -0.10374277
 -0.69263512 -0.22015686]
real[ 0.27021358  0.35479983 -0.47380233 -0.16145955 -0.03043032 -0.07392014
 -0.82780611 -0.2814593 ]
real[ 0.1493282   0.33826466 -0.37485187 -0.127181    0.08967669 -0.04666462
 -0.94223147 -0.33879107]
real[ 0.01345926  0.30326079 -0.27283567 -0.09370525  0.21314065 -0.02252794
 -1.03772431 -0.39232822]
real[-1.30323014e-01  2.48678770e-01 -1.65635455e-01 -6.07776712e-02
  3.39110671e-01 -1.08329914e-03 -1.11585638e+00 -4.42356062e-01]
real[-0.2807695   0.18336944 -0.05329389 -0.02865791  0.46857299  0.01715638
 -1.17803888 -0.48930249]
real[-0.43822894  0.11178078  0.06568696  0.00454453  0.59611008  0.02930516
 -1.22090729 -0.52863724]
real[-0.59271002  0.03989247  0.19759986  0.04547215  0.69764602  0.03024281
 -1.23567458 -0.54986842]
real[-0.72261923 -0.02239692  0.33616081  0.08760967  0.78434821  0.03041149
 -1.22327864 -0.55270295]
real[-0.82889472 -0.07558586  0.48892967  0.13726086  0.87578037  0.03666117
 -1.18580141 -0.53828309]
real[-0.91513889 -0.12187967  0.65735718  0.19494887  0.97634354  0.04980745
 -1.12512124 -0.50787058]
real[-0.98436624 -0.16340986  0.84027113  0.25910523  1.05802688  0.06570595
 -1.04824926 -0.46856173]
real[-1.03803228 -0.20080429  1.02986954  0.32663819  1.11260885  0.08476182
 -0.96614932 -0.43164616]
real[-1.0770403  -0.23395183  1.19883999  0.38968084  1.14205024  0.10704358
 -0.8801286  -0.39791715]
real[-1.09743644 -0.25572262  1.34040621  0.44834236  1.1504595   0.13252528
 -0.79045462 -0.36695388]
real[-1.09024724 -0.25876797  1.45398625  0.50301548  1.13956563  0.16019426
 -0.70184465 -0.33733777]
real[-1.05879428 -0.24698358  1.53645062  0.54785824  1.11120055  0.18931398
 -0.61420775 -0.30890335]
real[-1.01557177 -0.23067508  1.58558609  0.57914455  1.0672661   0.21885444
 -0.52558396 -0.28209262]
real[-0.96406007 -0.21243273  1.60448315  0.59794352  1.00967487  0.24764344
 -0.43493894 -0.25703944]
real[-0.90486361 -0.19234284  1.59647359  0.60478727  0.94029622  0.27457506
 -0.34244507 -0.23357492]
real[-0.83880255 -0.17069635  1.56395631  0.60013638  0.86088996  0.29875169
 -0.24807788 -0.21158917]
real[-0.7662972  -0.1476511   1.50868064  0.58447572  0.77305793  0.31953228
 -0.15202565 -0.1909048 ]
real[-0.68788536 -0.12356908  1.43218379  0.55828378  0.67613615  0.3343267
 -0.05325699 -0.17175013]
real[-0.60368726 -0.09849818  1.33586421  0.5219934   0.56256358  0.333987
  0.04795987 -0.15399178]
real[-0.51401964 -0.07274141  1.2225394   0.47826665  0.43149573  0.31732404
  0.15236505 -0.13787499]
real[-0.41902487 -0.04649156  1.09998384  0.43653993  0.28408467  0.28543581
  0.26046335 -0.12362509]
real[-0.31878365 -0.01996423  0.96915714  0.39572114  0.12141948  0.23936937
  0.37266517 -0.11151591]
real[-0.21329983  0.0066265   0.82365409  0.34573234 -0.05544187  0.18009615
  0.48926342 -0.10211213]
real[-0.10348723  0.03287612  0.66282878  0.28448313 -0.24545681  0.10850201
  0.5949252  -0.10040143]
real[ 0.00824025  0.0583883   0.48779046  0.21215683 -0.44759741  0.02542701
  0.6739091  -0.10943346]
real[ 0.12211866  0.08290351  0.2996426   0.12887381 -0.65016016 -0.06365239
  0.73330855 -0.11885163]
real[ 0.23937944  0.10574487  0.10450844  0.03738724 -0.82919713 -0.14764159
  0.77339508 -0.12641659]
real[ 0.35695994  0.12580708 -0.08627623 -0.05765109 -0.98382475 -0.22526162
  0.79354914 -0.13194014]
real[ 0.46185985  0.14261737 -0.25234959 -0.14791227 -1.11610575 -0.29682261
  0.80190168 -0.13337776]
real[ 0.57132803  0.1583564  -0.38345952 -0.22219042 -1.22786889 -0.36279558
  0.8216124  -0.12634346]
real[ 0.69625396  0.17955842 -0.50888181 -0.29500927 -1.3206854  -0.42398048
  0.83606936 -0.11426187]
real[ 0.83146084  0.20000424 -0.60420693 -0.35149191 -1.39597417 -0.48090181
  0.86127105 -0.09453503]
real[ 0.97269995  0.22316457 -0.67563678 -0.39802552 -1.45056592 -0.52953302
  0.87358612 -0.07180315]
real[ 1.08585967  0.23832143 -0.71748062 -0.42744061 -1.4760785  -0.56024442
  0.86718463 -0.04764566]
real[ 1.17095631  0.25281241 -0.72977435 -0.43811981 -1.47356141 -0.5727514
  0.84374321 -0.02252996]
real[ 1.23178163  0.26985546 -0.71811895 -0.43382269 -1.44523236 -0.56803332
  0.80500493  0.00281517]
real[ 1.26937923  0.29074043 -0.69738277 -0.42714679 -1.39308043 -0.54707994
  0.75273811  0.02752782]
real[ 1.28719229  0.31578339 -0.67012759 -0.42091589 -1.31884172 -0.5109425
  0.68867975  0.05078422]
real[ 1.28862773  0.34466653 -0.63677525 -0.41532064 -1.22860588 -0.46557904
  0.61447036  0.07188451]
real[ 1.27470203  0.3760217  -0.59783127 -0.41020939 -1.13615683 -0.42221314
  0.5316224   0.09031913]
real[ 1.24464859  0.40795521 -0.55336086 -0.40519575 -1.04415969 -0.38103609
  0.43935617  0.10348558]
real[ 1.19850961  0.43705696 -0.50428283 -0.40071865 -0.94955176 -0.34069546
  0.32989789  0.10186743]
real[ 1.1316273   0.45302507 -0.45093775 -0.39665514 -0.85201924 -0.30114815
  0.20246566  0.08403573]
real[ 1.04403552  0.45394599 -0.39324717 -0.39289358 -0.75136642 -0.26224354
  0.05836598  0.05089376]
real[ 0.93712554  0.44042199 -0.33092211 -0.38926678 -0.64779071 -0.22419418
 -0.10116186  0.0032971 ]
real[ 0.81216906  0.41312117 -0.26374754 -0.38564173 -0.54180517 -0.18742334
 -0.27492954 -0.05795209]
real[ 0.67035635  0.37271696 -0.19101401 -0.38188309 -0.43340737 -0.15203965
 -0.46159802 -0.13199115]
real[ 0.51282244  0.31982775 -0.11234544 -0.37808867 -0.32250282 -0.11799551
 -0.64664913 -0.21227839]
real[ 0.34067688  0.25498329 -0.02707768 -0.37421674 -0.20928296 -0.08553948
 -0.80845788 -0.28882215]
real[ 0.15502825  0.17861421  0.06546014 -0.37041235 -0.09386844 -0.05488554
 -0.94717513 -0.36075323]
real[-0.04300233  0.09106831  0.16613716 -0.36686904  0.02364342 -0.02631345
 -1.06486951 -0.42824977]
real[-0.24595645 -0.0034908   0.27492436 -0.36478598  0.14618095  0.00213764
 -1.1632492  -0.49148676]
real[-0.45141862 -0.10300306  0.39294481 -0.36413007  0.28483879  0.03923699
 -1.23709156 -0.54361235]
real[-0.64558348 -0.19847024  0.52638678 -0.35721793  0.44110914  0.08542652
 -1.27962649 -0.57598762]
real[-0.81381631 -0.28756159  0.6458869  -0.3490634   0.60709347  0.13664578
 -1.29288188 -0.58918425]
real[-0.95415428 -0.3667968   0.72477142 -0.34135101  0.75380138  0.18330346
 -1.27921359 -0.58432204]
real[-1.06829104 -0.43574801  0.7665313  -0.33109047  0.87534144  0.22422812
 -1.24072907 -0.56267792]
real[-1.16083095 -0.49734671  0.77922297 -0.31674327  0.97268079  0.26092382
 -1.1792126  -0.5255898 ]
real[-1.22746461 -0.54459082  0.76973449 -0.29934793  1.04687368  0.29517594
 -1.09877865 -0.47714485]
real[-1.26400163 -0.57141925  0.7425113  -0.27886579  1.09912247  0.32834329
 -1.01170765 -0.43015074]
real[-1.27383869 -0.57888378  0.70117118 -0.2552918   1.13083528  0.36111035
 -0.92101004 -0.38717783]
real[-1.25879674 -0.56843482  0.64857197 -0.22959452  1.1435342   0.39381213
 -0.82685045 -0.34775325]
real[-1.22102681 -0.54145982  0.58673857 -0.20302641  1.1388434   0.42628542
 -0.72937223 -0.31152458]
real[-1.16247218 -0.49959553  0.51750469 -0.17658013  1.11844354  0.45804873
 -0.62866808 -0.2782282 ]
real[-1.09256698 -0.45267932  0.44246837 -0.15083985  1.08403298  0.48842488
 -0.52477075 -0.24768329]
real[-1.01990599 -0.40910006  0.36312716 -0.12601975  1.03465506  0.51361059
 -0.41766082 -0.21978686]
real[-0.94485902 -0.36860235  0.28025041 -0.10244457  0.96424226  0.5244441
 -0.30725916 -0.1944966 ]
real[-0.86766174 -0.33068275  0.19398809 -0.08053869  0.87299333  0.51998977
 -0.1934309  -0.17183942]
real[-0.78863677 -0.29482897  0.1057939  -0.05984335  0.76234147  0.50106406
 -0.07600092 -0.15192113]
real[-0.70867977 -0.26097971  0.01325119 -0.04200665  0.63357794  0.46848848
  0.04530267 -0.13490417]